501
288
211
73
272
281
288
190
180
324
478
199
247
262
344
159
249
352
204
247
147
330
351
131
204
201
281
169
252
172
136
242
125
110
198
275
191
185
71
9
163
179
218
134
211
524
214
119
244
166
189
149
189
154
277
196
296
383
198
275
221
207
379
209
304
183
117
316
122
124
198
304
182
376
385
204
267
240
196
127
97
236
159
480
275
254
316
182
212
266
132
234
56
239
201
225
237
470
312
195
193
50
226
83
45
81
155
296
391.5
121.4
31.4
53.1
234.3
221.1
217.3
81.9
369
339.8
413.3
157.9
241
490
384
282
349
154
123
284
349
177
402
344
172.3
237.2
330.6
398.7
195
248.4
204.4
100.8
129.9
354
164
167.9
203.1
319.6
390.8
309.5
307.3
107
276.6
154.9
181
312.1
220.1
379.6
243.6
257.8
218.2
148.4
320.8
107
151.9
113.2
386.8
131.3
176.7
172.3
298.1
142.6
238
66.5
247.7
166.4
224.1
163.7
261.9
281.3
152.5
243.1
335.1
203.1
281.7
159.1
162.7
331.8
206.8
15.6
372.82
149
336.7
236
201.6
136.7
237.8
448.9
185.1
223.6
362.3
160.3
99.4
220.8
472.3
347.7
178.6
483.8
184
94.3
210.1
164.1
242.4
218.6
404.5
243.5
187.6
181.5
493
192
177.9
179.7
206.2
190.1
222.6
289.9
186.6
223
374.2
452.8
284.7
244.2
268.8
311.5
302.5
288.7
165.4
179.6
376.9
221.2
151
363.9
182.7
288.8
245.8
160.2
175.8
335.2
135.6
199.3
185
218.2
349.8
239
395
171.4
143.9
68.9
335.5
67.8
302.1
313.8
221.2
256.4
240.3
213.07
287.4
188.2
611.4
290.2
278.7
456.3
224.9
410.8
116.9
180.3
249.7
242.5
298.5
196.1
369.9
119.3
258.8
197.64
145.6
173
314.8
212.9
175
276.5
308
425.4
247.7
252.1
122.8
162.4
208.1
341.5
238.5
173.8
364.8
309.2
215.8
171.8
217.5
159.1
181
210.9
262.6
131.7
229.6
148.8
315.4
410.4
485.2
304.6
84.1
161.3
166.8
95.8
99.5
265.7
159.8
215.1
238.2
196.9
218.7
485
125.3
98.5
262.1
301.5
208.9
349.4
510.1
452.8
277.8
308
366.5
245.2
411.6
277.9
252.4
257.3
200.5
181.3
218.7
352.3
387.3
405.9
422
316.3
292.6
392.9
149.3
209.9
116.8
313.8
226.7
277.3
126.9
385.6
