434.8
117.9
262.7
435.8
256.4
355.3
388.9
522
321.8
571.4
396.3
332.9
198.2
128.4
311.1
395.2
341.2
156.5
520.6
422.4
453.4
393.2
429.7
196.2
196.1
156.7
362.5
339.2
417.1
350.7
247.6
345.2
122.9
203.7
510.3
375.5
48.7
95.1
186.5
183.7
226.2
344.7
315.8
336.3
238.4
683
455.7
117.1
215
365.6
369.4
460.2
471.6
287.1
391
313.3
532.6
238.1
390.9
218.8
484.8
191.9
431.3
287.1
409.6
327.3
200.4
279.4
327.3
308.2
224.6
286.5
153.2
235.3
768.8
474
483.4
343.1
313.7
313.4
458.5
298.9
355.8
352.6
255.5
224.4
401.2
625.3
278.9
259.4
207.7
351.5
392
388.8
327.9
525.5
305.7
482.3
274.5
305.4
377.9
224.9
362.1
42.2
38.3
250
257.3
202
353.5
142.3
126.4
52
256.5
354.2
341
238.3
274.3
222.7
323.4
342
404.8
365.8
345.2
319
283.6
420.2
387.6
381.3
281.3
356.3
684.4
459.5
228.3
266.6
290.3
491.4
396.4
528.9
338.3
236.6
178.1
393.6
558.4
541.9
495.9
219.9
331.4
296
212.5
233.9
146.6
263.4
299.4
500.3
367.3
204.4
149.4
114.3
384
265.7
577.4
298.1
231.3
367.8
305.1
247.5
341.5
367.6
200.8
138.9
341.5
249.6
288.4
183.1
131.1
279.8
480.3
346.9
459.9
193.9
377.3
99.1
255.1
334.5
363
255.5
233.6
70.6
367.8
308.7
583
285.6
234.4
124.98
260.4
412.8
322.1
280.4
159.2
274.8
309.6
339.4
352.9
271.1
163.3
235.9
335.6
476.9
368
588.9
408.4
276.9
288.5
423.5
337.5
268.9
254.8
104.5
338.9
376
323.1
431.2
384
396.3
250.3
323.3
405.9
517.2
443.6
293.6
404.1
377.1
375.5
320.9
312.8
234.1
309.2
206.6
426.5
328.2
397
316.1
212.1
390.4
357.7
189.1
234.9
248.4
195.6
334.1
368.7
218.1
288.4
163
337.6
297.3
428.9
226.7
455.8
395.7
337.8
362
359.8
593.5
397.1
430.3
358
145.7
572.7
370.4
244.3
414.5
311.5
474.8
306
513.8
673.1
291.7
503.2
352.8
566.7
244.2
321.6
387.2
480.1
387.9
300.3
294.5
246.1
332.8
386
399.7
453.8
345.1
557.3
159.1
382.3
278.2
406.1
493.6
278.5
161.1
149.4
519.6
255.7
259.5
586.4
391.8
154
294.1
221.4
367.9
197.4
211.1
360.8
250.1
232.6
214.8
79.7
220.1
284.1
137.5
375.1
333.8
200.8
198.6
287.9
262.7
248.4
461.2
425.8
373.5
464.7
743.8
274.8
347.7
215.4
274.9
441.8
450
202
172.4
325.6
292.2
276.1
292.5
405.4
519
274.9
383.7
330.5
383.4
266.3
159.9
566
144.9
287.6
398.5
375.5
402.6
